 -0.46049500  -0.46875000   0.04492710  -0.42775900
 -0.43794200  -0.46875000   0.02564160  -0.48932000
 -0.42143300  -0.46875000   0.01486590  -0.48406100
 -0.39888000  -0.46875000   0.00471163  -0.40812900
 -0.38237000  -0.46875000  -0.00026345  -0.36708200
 -0.35981700  -0.46875000  -0.00370136  -0.33086900
 -0.34330800  -0.46875000  -0.00519572  -0.30947500
 -0.32075500  -0.46875000  -0.00584047  -0.28724000
 -0.46875000  -0.46049500  -0.15620800  -0.08210720
 -0.46875000  -0.43794200   0.09222690  -0.06982850
 -0.46875000  -0.42143300   0.21034700  -0.06212500
 -0.46875000  -0.39888000   0.28462200  -0.05335710
 -0.46875000  -0.38237000   0.32509800  -0.04796110
 -0.46875000  -0.35981700   0.36140600  -0.04198660
 -0.46875000  -0.34330800   0.38448300  -0.03821500
 -0.46875000  -0.32075500   0.41122300  -0.03388540
 -0.30424500  -0.46875000  -0.00629396  -0.27653300
 -0.28169200  -0.46875000  -0.00688816  -0.26951300
 -0.26518300  -0.46875000  -0.00740701  -0.26548200
 -0.24263000  -0.46875000  -0.00823035  -0.26148900
 -0.22612000  -0.46875000  -0.00898071  -0.25742800
 -0.20356700  -0.46875000  -0.01020740  -0.25032400
 -0.18705800  -0.46875000  -0.01076800  -0.24439000
 -0.16450500  -0.46875000  -0.01107280  -0.23528000
 -0.14799500  -0.46875000  -0.01116850  -0.22912900
 -0.12544200  -0.46875000  -0.01112500  -0.22143400
 -0.10893300  -0.46875000  -0.01099400  -0.21597500
 -0.08637990  -0.46875000  -0.01067940  -0.20875600
 -0.06987010  -0.46875000  -0.01041800  -0.20387100
 -0.04731740  -0.46875000  -0.01001850  -0.19774200
 -0.03080760  -0.46875000  -0.00968917  -0.19343100
 -0.00825488  -0.46875000  -0.00918897  -0.18778100
 -0.46875000  -0.30424500   0.42791800  -0.03102400
 -0.46875000  -0.28169200   0.44679100  -0.02753610
 -0.46875000  -0.26518300   0.45890600  -0.02520850
 -0.46875000  -0.24263000   0.47313000  -0.02233750
 -0.46875000  -0.22612000   0.48216500  -0.02036260
 -0.46875000  -0.20356700   0.49262500  -0.01783800
 -0.46875000  -0.18705800   0.49939700  -0.01608150
 -0.46875000  -0.16450500   0.50743700  -0.01380710
 -0.46875000  -0.14799500   0.51235000  -0.01220320
 -0.46875000  -0.12544200   0.51773100  -0.01009550
 -0.46875000  -0.10893300   0.52104800  -0.00863160
 -0.46875000  -0.08637990   0.52473000  -0.00673996
 -0.46875000  -0.06987010   0.52673900  -0.00539046
 -0.46875000  -0.04731740   0.52854700  -0.00359521
 -0.46875000  -0.03080760   0.52940200  -0.00231720
 -0.46875000  -0.00825488   0.52992600  -0.00062089
  0.00825488  -0.46875000  -0.00881664  -0.18427400
  0.03080760  -0.46875000  -0.00829961  -0.18034500
  0.04731740  -0.46875000  -0.00797197  -0.17781500
  0.06987010  -0.46875000  -0.00759387  -0.17483100
  0.08637990  -0.46875000  -0.00735709  -0.17279600
  0.10893300  -0.46875000  -0.00708830  -0.17021900
  0.12544200  -0.46875000  -0.00690927  -0.16834900
  0.14799500  -0.46875000  -0.00668896  -0.16582000
  0.16450500  -0.46875000  -0.00652870  -0.16410600
  0.18705800  -0.46875000  -0.00631117  -0.16195200
  0.20356700  -0.46875000  -0.00616298  -0.16054300
  0.22612000  -0.46875000  -0.00597565  -0.15884800
  0.24263000  -0.46875000  -0.00585020  -0.15760300
  0.26518300  -0.46875000  -0.00569479  -0.15589700
  0.28169200  -0.46875000  -0.00556187  -0.15461200
  0.30424500  -0.46875000  -0.00535413  -0.15280800
  0.32075500  -0.46875000  -0.00518271  -0.15172300
  0.34330800  -0.46875000  -0.00492212  -0.15056200
  0.35981700  -0.46875000  -0.00473872  -0.15007800
  0.38237000  -0.46875000  -0.00449826  -0.14991300
  0.39888000  -0.46875000  -0.00442219  -0.15052600
  0.42143300  -0.46875000  -0.00445485  -0.15236400
  0.43794200  -0.46875000  -0.00466165  -0.15216500
  0.46049500  -0.46875000  -0.00519398  -0.14978700
  0.46875000  -0.43794200   0.13370900  -0.00597848
  0.46875000  -0.46049500   0.13941300  -0.00659188
  0.46875000  -0.39888000   0.13163300  -0.00524229
  0.46875000  -0.42143300   0.13162400  -0.00561686
  0.46875000  -0.35981700   0.13068800  -0.00483456
  0.46875000  -0.38237000   0.13138200  -0.00503268
  0.46875000  -0.32075500   0.12899800  -0.00445874
  0.46875000  -0.34330800   0.13004900  -0.00468078
  0.46875000  -0.28169200   0.12730200  -0.00403981
  0.46875000  -0.30424500   0.12826200  -0.00428700
  0.46875000  -0.24263000   0.12588100  -0.00359508
  0.46875000  -0.26518300   0.12666400  -0.00385441
  0.46875000  -0.20356700   0.12450200  -0.00314155
  0.46875000  -0.22612000   0.12530200  -0.00340407
  0.46875000  -0.16450500   0.12312000  -0.00261749
  0.46875000  -0.18705800   0.12391800  -0.00293079
  0.46875000  -0.12544200   0.12205400  -0.00204394
  0.46875000  -0.14799500   0.12262100  -0.00237986
  0.46875000  -0.08637990   0.12126600  -0.00144383
  0.46875000  -0.10893300   0.12169100  -0.00179313
  0.46875000  -0.04731740   0.12064300  -0.00082384
  0.46875000  -0.06987010   0.12098600  -0.00118411
  0.46875000  -0.00825488   0.12023200  -0.00014623
  0.46875000  -0.03080760   0.12044100  -0.00054574
 -0.46875000   0.00825488   0.52992600   0.00062089
 -0.46875000   0.03080760   0.52940200   0.00231720
 -0.46875000   0.04731740   0.52854700   0.00359521
 -0.46875000   0.06987010   0.52673900   0.00539046
 -0.46875000   0.08637990   0.52473000   0.00673996
 -0.46875000   0.10893300   0.52104800   0.00863160
 -0.46875000   0.12544200   0.51773100   0.01009550
 -0.46875000   0.14799500   0.51235000   0.01220320
 -0.46875000   0.16450500   0.50743700   0.01380710
 -0.46875000   0.18705800   0.49939700   0.01608150
 -0.46875000   0.20356700   0.49262500   0.01783800
 -0.46875000   0.22612000   0.48216500   0.02036260
 -0.46875000   0.24263000   0.47313000   0.02233750
 -0.46875000   0.26518300   0.45890600   0.02520850
 -0.46875000   0.28169200   0.44679100   0.02753610
 -0.46875000   0.30424500   0.42791800   0.03102400
 -0.46875000   0.32075500   0.41122300   0.03388540
 -0.46875000   0.34330800   0.38448300   0.03821500
 -0.46875000   0.35981700   0.36140600   0.04198660
 -0.46875000   0.38237000   0.32509800   0.04796110
 -0.46875000   0.39888000   0.28462200   0.05335710
 -0.46875000   0.42143300   0.21034700   0.06212500
 -0.46875000   0.43794200   0.09222690   0.06982850
 -0.46875000   0.46049500  -0.15620800   0.08210720
 -0.46049500   0.46875000   0.04492710   0.42775900
 -0.43794200   0.46875000   0.02564160   0.48932000
 -0.42143300   0.46875000   0.01486590   0.48406100
 -0.39888000   0.46875000   0.00471163   0.40812900
 -0.38237000   0.46875000  -0.00026345   0.36708200
 -0.35981700   0.46875000  -0.00370136   0.33086900
 -0.34330800   0.46875000  -0.00519572   0.30947500
 -0.32075500   0.46875000  -0.00584047   0.28724000
 -0.30424500   0.46875000  -0.00629396   0.27653300
 -0.28169200   0.46875000  -0.00688816   0.26951300
 -0.26518300   0.46875000  -0.00740701   0.26548200
 -0.24263000   0.46875000  -0.00823035   0.26148900
 -0.22612000   0.46875000  -0.00898071   0.25742800
 -0.20356700   0.46875000  -0.01020740   0.25032400
 -0.18705800   0.46875000  -0.01076800   0.24439000
 -0.16450500   0.46875000  -0.01107280   0.23528000
 -0.14799500   0.46875000  -0.01116850   0.22912900
 -0.12544200   0.46875000  -0.01112500   0.22143400
 -0.10893300   0.46875000  -0.01099400   0.21597500
 -0.08637990   0.46875000  -0.01067940   0.20875600
 -0.06987010   0.46875000  -0.01041800   0.20387100
 -0.04731740   0.46875000  -0.01001850   0.19774200
 -0.03080760   0.46875000  -0.00968917   0.19343100
 -0.00825488   0.46875000  -0.00918897   0.18778100
  0.46875000   0.03080760   0.12044100   0.00054574
  0.46875000   0.00825488   0.12023200   0.00014623
  0.46875000   0.06987010   0.12098600   0.00118411
  0.46875000   0.04731740   0.12064300   0.00082384
  0.46875000   0.10893300   0.12169100   0.00179313
  0.46875000   0.08637990   0.12126600   0.00144383
  0.46875000   0.14799500   0.12262100   0.00237986
  0.46875000   0.12544200   0.12205400   0.00204394
  0.46875000   0.18705800   0.12391800   0.00293079
  0.46875000   0.16450500   0.12312000   0.00261749
  0.46875000   0.22612000   0.12530200   0.00340407
  0.46875000   0.20356700   0.12450200   0.00314155
  0.46875000   0.26518300   0.12666400   0.00385441
  0.46875000   0.24263000   0.12588100   0.00359508
  0.46875000   0.30424500   0.12826200   0.00428700
  0.46875000   0.28169200   0.12730200   0.00403981
  0.00825488   0.46875000  -0.00881664   0.18427400
  0.03080760   0.46875000  -0.00829961   0.18034500
  0.04731740   0.46875000  -0.00797197   0.17781500
  0.06987010   0.46875000  -0.00759387   0.17483100
  0.08637990   0.46875000  -0.00735709   0.17279600
  0.10893300   0.46875000  -0.00708830   0.17021900
  0.12544200   0.46875000  -0.00690927   0.16834900
  0.14799500   0.46875000  -0.00668896   0.16582000
  0.16450500   0.46875000  -0.00652870   0.16410600
  0.18705800   0.46875000  -0.00631117   0.16195200
  0.20356700   0.46875000  -0.00616298   0.16054300
  0.22612000   0.46875000  -0.00597565   0.15884800
  0.24263000   0.46875000  -0.00585020   0.15760300
  0.26518300   0.46875000  -0.00569479   0.15589700
  0.28169200   0.46875000  -0.00556187   0.15461200
  0.30424500   0.46875000  -0.00535413   0.15280800
  0.46875000   0.34330800   0.13004900   0.00468078
  0.46875000   0.32075500   0.12899800   0.00445874
  0.46875000   0.38237000   0.13138200   0.00503268
  0.46875000   0.35981700   0.13068800   0.00483456
  0.46875000   0.42143300   0.13162400   0.00561686
  0.46875000   0.39888000   0.13163300   0.00524229
  0.46875000   0.46049500   0.13941300   0.00659188
  0.46875000   0.43794200   0.13370900   0.00597848
  0.32075500   0.46875000  -0.00518271   0.15172300
  0.34330800   0.46875000  -0.00492212   0.15056200
  0.35981700   0.46875000  -0.00473872   0.15007800
  0.38237000   0.46875000  -0.00449826   0.14991300
  0.39888000   0.46875000  -0.00442219   0.15052600
  0.42143300   0.46875000  -0.00445485   0.15236400
  0.43794200   0.46875000  -0.00466165   0.15216500
  0.46049500   0.46875000  -0.00519398   0.14978700
